211
221
37
5
185
3
230
217
9
54
131
17
210
71
179
70
112
93
205
196
66
90
94
83
1
198
10
227
61
7
21
42
52
41
88
139
50
187
207
164
105
213
29
121
8
130
173
110
191
84
199
85
32
25
43
82
74
87
122
4
68
204
140
116
58
51
125
215
73
11
72
78
6
226
27
225
163
192
183
160
181
231
102
188
143
176
136
104
103
203
75
53
190
218
79
56
194
200
123
208
132
2
26
212
224
195
55
206
33
76
182
153
28
178
184
197
115
98
151
186
146
118
154
222
141
148
114
135
162
161
86
149
202
219
80
175
120
157
22
126
99
216
97
159
16
172
119
138
40
107
60
134
189
30
228
137
158
166
165
19
174
155
101
128
145
156
12
177
168
109
45
150
167
209
171
129
169
152
18
170
24
31